1.0000000E+00	6.5707846E+02	1.0001522E-03	1.9245488E+02	4.1766227E+03	2.5027405E+06	1.7311087E-03	5.5888916E-01	1.3060630E+01	9.2394762E-06
2.0000000E+00	7.0596886E+02	1.0001105E-03	1.7977575E+02	8.3917321E+03	2.5045747E+06	1.6736276E-03	5.6139926E-01	1.2561239E+01	9.2631747E-06
3.0000000E+00	7.5805427E+02	1.0000859E-03	1.6802743E+02	1.2603852E+04	2.5064081E+06	1.6191347E-03	5.6385734E-01	1.2091002E+01	9.2871189E-06
4.0000000E+00	8.1351271E+02	1.0000778E-03	1.5713517E+02	1.6813199E+04	2.5082406E+06	1.5674232E-03	5.6626562E-01	1.1647668E+01	9.3113037E-06
5.0000000E+00	8.7253022E+02	1.0000856E-03	1.4703069E+02	2.1019976E+04	2.5100723E+06	1.5183037E-03	5.6862620E-01	1.1229202E+01	9.3357239E-06
6.0000000E+00	9.3530117E+02	1.0001090E-03	1.3765162E+02	2.5224370E+04	2.5119032E+06	1.4716030E-03	5.7094101E-01	1.0833758E+01	9.3603748E-06
7.0000000E+00	1.0020285E+03	1.0001474E-03	1.2894089E+02	2.9426555E+04	2.5137332E+06	1.4271617E-03	5.7321187E-01	1.0459657E+01	9.3852515E-06
8.0000000E+00	1.0729239E+03	1.0002004E-03	1.2084632E+02	3.3626692E+04	2.5155624E+06	1.3848337E-03	5.7544049E-01	1.0105373E+01	9.4103493E-06
9.0000000E+00	1.1482084E+03	1.0002676E-03	1.1332012E+02	3.7824931E+04	2.5173906E+06	1.3444844E-03	5.7762844E-01	9.7695137E+00	9.4356637E-06
1.0000000E+01	1.2281122E+03	1.0003485E-03	1.0631850E+02	4.2021414E+04	2.5192180E+06	1.3059897E-03	5.7977723E-01	9.4508070E+00	9.4611904E-06
1.1000000E+01	1.3128753E+03	1.0004430E-03	9.9801350E+01	4.6216271E+04	2.5210444E+06	1.2692353E-03	5.8188824E-01	9.1480895E+00	9.4869249E-06
1.2000000E+01	1.4027478E+03	1.0005504E-03	9.3731856E+01	5.0409624E+04	2.5228700E+06	1.2341155E-03	5.8396280E-01	8.8602954E+00	9.5128632E-06
1.3000000E+01	1.4979898E+03	1.0006707E-03	8.8076245E+01	5.4601588E+04	2.5246945E+06	1.2005326E-03	5.8600211E-01	8.5864466E+00	9.5390011E-06
1.4000000E+01	1.5988723E+03	1.0008034E-03	8.2803503E+01	5.8792269E+04	2.5265182E+06	1.1683961E-03	5.8800734E-01	8.3256445E+00	9.5653347E-06
1.5000000E+01	1.7056770E+03	1.0009482E-03	7.7885135E+01	6.2981769E+04	2.5283408E+06	1.1376221E-03	5.8997956E-01	8.0770619E+00	9.5918600E-06
1.6000000E+01	1.8186968E+03	1.0011049E-03	7.3294945E+01	6.7170181E+04	2.5301624E+06	1.1081328E-03	5.9191979E-01	7.8399369E+00	9.6185733E-06
1.7000000E+01	1.9382360E+03	1.0012732E-03	6.9008838E+01	7.1357594E+04	2.5319830E+06	1.0798560E-03	5.9382898E-01	7.6135662E+00	9.6454709E-06
1.8000000E+01	2.0646109E+03	1.0014529E-03	6.5004636E+01	7.5544091E+04	2.5338026E+06	1.0527243E-03	5.9570803E-01	7.3973003E+00	9.6725491E-06
1.9000000E+01	2.1981499E+03	1.0016437E-03	6.1261921E+01	7.9729749E+04	2.5356211E+06	1.0266752E-03	5.9755779E-01	7.1905384E+00	9.6998043E-06
2.0000000E+01	2.3391937E+03	1.0018453E-03	5.7761877E+01	8.3914641E+04	2.5374384E+06	1.0016504E-03	5.9937904E-01	6.9927240E+00	9.7272332E-06
2.1000000E+01	2.4880959E+03	1.0020577E-03	5.4487160E+01	8.8098837E+04	2.5392547E+06	9.7759556E-04	6.0117253E-01	6.8033413E+00	9.7548324E-06
2.2000000E+01	2.6452231E+03	1.0022805E-03	5.1421773E+01	9.2282402E+04	2.5410698E+06	9.5445979E-04	6.0293896E-01	6.6219112E+00	9.7825986E-06
2.3000000E+01	2.8109554E+03	1.0025135E-03	4.8550952E+01	9.6465396E+04	2.5428837E+06	9.3219567E-04	6.0467900E-01	6.4479890E+00	9.8105284E-06
2.4000000E+01	2.9856866E+03	1.0027566E-03	4.5861066E+01	1.0064788E+05	2.5446965E+06	9.1075883E-04	6.0639328E-01	6.2811605E+00	9.8386188E-06
2.5000000E+01	3.1698245E+03	1.0030097E-03	4.3339524E+01	1.0482990E+05	2.5465079E+06	8.9010770E-04	6.0808237E-01	6.1210404E+00	9.8668667E-06
2.6000000E+01	3.3637915E+03	1.0032724E-03	4.0974685E+01	1.0901152E+05	2.5483182E+06	8.7020334E-04	6.0974685E-01	5.9672693E+00	9.8952690E-06
2.7000000E+01	3.5680246E+03	1.0035447E-03	3.8755786E+01	1.1319277E+05	2.5501271E+06	8.5100926E-04	6.1138722E-01	5.8195119E+00	9.9238227E-06
2.8000000E+01	3.7829761E+03	1.0038264E-03	3.6672870E+01	1.1737372E+05	2.5519347E+06	8.3249116E-04	6.1300399E-01	5.6774552E+00	9.9525250E-06
2.9000000E+01	4.0091134E+03	1.0041174E-03	3.4716717E+01	1.2155439E+05	2.5537409E+06	8.1461687E-04	6.1459763E-01	5.5408065E+00	9.9813730E-06
3.0000000E+01	4.2469199E+03	1.0044174E-03	3.2878790E+01	1.2573484E+05	2.5555457E+06	7.9735611E-04	6.1616858E-01	5.4092916E+00	1.0010364E-05
3.1000000E+01	4.4968952E+03	1.0047265E-03	3.1151179E+01	1.2991509E+05	2.5573491E+06	7.8068042E-04	6.1771727E-01	5.2826543E+00	1.0039495E-05
3.2000000E+01	4.7595552E+03	1.0050443E-03	2.9526548E+01	1.3409520E+05	2.5591510E+06	7.6456300E-04	6.1924407E-01	5.1606540E+00	1.0068763E-05
3.3000000E+01	5.0354327E+03	1.0053709E-03	2.7998096E+01	1.3827518E+05	2.5609514E+06	7.4897857E-04	6.2074938E-01	5.0430650E+00	1.0098167E-05
3.4000000E+01	5.3250776E+03	1.0057061E-03	2.6559510E+01	1.4245508E+05	2.5627503E+06	7.3390333E-04	6.2223355E-01	4.9296757E+00	1.0127702E-05
3.5000000E+01	5.6290574E+03	1.0060497E-03	2.5204931E+01	1.4663492E+05	2.5645476E+06	7.1931480E-04	6.2369692E-01	4.8202869E+00	1.0157367E-05
3.6000000E+01	5.9479574E+03	1.0064017E-03	2.3928915E+01	1.5081474E+05	2.5663432E+06	7.0519177E-04	6.2513980E-01	4.7147113E+00	1.0187160E-05
3.7000000E+01	6.2823811E+03	1.0067620E-03	2.2726404E+01	1.5499456E+05	2.5681372E+06	6.9151416E-04	6.2656251E-01	4.6127730E+00	1.0217077E-05
3.8000000E+01	6.6329506E+03	1.0071304E-03	2.1592697E+01	1.5917442E+05	2.5699295E+06	6.7826304E-04	6.2796532E-01	4.5143057E+00	1.0247116E-05
3.9000000E+01	7.0003070E+03	1.0075069E-03	2.0523419E+01	1.6335433E+05	2.5717201E+06	6.6542046E-04	6.2934853E-01	4.4191533E+00	1.0277276E-05
4.0000000E+01	7.3851105E+03	1.0078913E-03	1.9514501E+01	1.6753433E+05	2.5735089E+06	6.5296942E-04	6.3071238E-01	4.3271679E+00	1.0307553E-05
4.1000000E+01	7.7880410E+03	1.0082836E-03	1.8562154E+01	1.7171443E+05	2.5752958E+06	6.4089385E-04	6.3205713E-01	4.2382104E+00	1.0337945E-05
4.2000000E+01	8.2097984E+03	1.0086837E-03	1.7662850E+01	1.7589466E+05	2.5770809E+06	6.2917848E-04	6.3338302E-01	4.1521491E+00	1.0368450E-05
4.3000000E+01	8.6511030E+03	1.0090915E-03	1.6813301E+01	1.8007504E+05	2.5788640E+06	6.1780885E-04	6.3469026E-01	4.0688597E+00	1.0399067E-05
4.4000000E+01	9.1126955E+03	1.0095069E-03	1.6010441E+01	1.8425559E+05	2.5806452E+06	6.0677122E-04	6.3597908E-01	3.9882245E+00	1.0429792E-05
4.5000000E+01	9.5953378E+03	1.0099298E-03	1.5251413E+01	1.8843633E+05	2.5824244E+06	5.9605255E-04	6.3724969E-01	3.9101320E+00	1.0460623E-05
4.6000000E+01	1.0099813E+04	1.0103602E-03	1.4533551E+01	1.9261729E+05	2.5842015E+06	5.8564044E-04	6.3850227E-01	3.8344769E+00	1.0491559E-05
4.7000000E+01	1.0626927E+04	1.0107980E-03	1.3854365E+01	1.9679848E+05	2.5859766E+06	5.7552311E-04	6.3973702E-01	3.7611591E+00	1.0522598E-05
4.8000000E+01	1.1177506E+04	1.0112432E-03	1.3211531E+01	2.0097991E+05	2.5877494E+06	5.6568934E-04	6.4095412E-01	3.6900838E+00	1.0553737E-05
4.9000000E+01	1.1752399E+04	1.0116955E-03	1.2602879E+01	2.0516161E+05	2.5895201E+06	5.5612848E-04	6.4215374E-01	3.6211610E+00	1.0584974E-05
5.0000000E+01	1.2352479E+04	1.0121551E-03	1.2026380E+01	2.0934360E+05	2.5912886E+06	5.4683035E-04	6.4333605E-01	3.5543053E+00	1.0616307E-05
5.1000000E+01	1.2978641E+04	1.0126218E-03	1.1480137E+01	2.1352589E+05	2.5930547E+06	5.3778527E-04	6.4450120E-01	3.4894355E+00	1.0647735E-05
5.2000000E+01	1.3631804E+04	1.0130956E-03	1.0962376E+01	2.1770850E+05	2.5948185E+06	5.2898402E-04	6.4564935E-01	3.4264746E+00	1.0679255E-05
5.3000000E+01	1.4312910E+04	1.0135764E-03	1.0471438E+01	2.2189144E+05	2.5965799E+06	5.2041779E-04	6.4678064E-01	3.3653491E+00	1.0710866E-05
5.4000000E+01	1.5022926E+04	1.0140642E-03	1.0005769E+01	2.2607474E+05	2.5983388E+06	5.1207817E-04	6.4789522E-01	3.3059891E+00	1.0742566E-05
5.5000000E+01	1.5762843E+04	1.0145589E-03	9.5639143E+00	2.3025840E+05	2.6000953E+06	5.0395715E-04	6.4899322E-01	3.2483283E+00	1.0774352E-05
5.6000000E+01	1.6533677E+04	1.0150604E-03	9.1445107E+00	2.3444244E+05	2.6018492E+06	4.9604706E-04	6.5007477E-01	3.1923033E+00	1.0806224E-05
5.7000000E+01	1.7336469E+04	1.0155688E-03	8.7462814E+00	2.3862689E+05	2.6036005E+06	4.8834059E-04	6.5114000E-01	3.1378537E+00	1.0838179E-05
5.8000000E+01	1.8172285E+04	1.0160840E-03	8.3680293E+00	2.4281175E+05	2.6053491E+06	4.8083072E-04	6.5218903E-01	3.0849220E+00	1.0870215E-05
5.9000000E+01	1.9042216E+04	1.0166058E-03	8.0086314E+00	2.4699704E+05	2.6070950E+06	4.7351077E-04	6.5322198E-01	3.0334532E+00	1.0902331E-05
6.0000000E+01	1.9947383E+04	1.0171344E-03	7.6670345E+00	2.5118277E+05	2.6088382E+06	4.6637432E-04	6.5423896E-01	2.9833949E+00	1.0934526E-05
6.1000000E+01	2.0888928E+04	1.0176696E-03	7.3422500E+00	2.5536897E+05	2.6105785E+06	4.5941525E-04	6.5524009E-01	2.9346971E+00	1.0966796E-05
6.2000000E+01	2.1868023E+04	1.0182114E-03	7.0333495E+00	2.5955564E+05	2.6123159E+06	4.5262767E-04	6.5622546E-01	2.8873119E+00	1.0999142E-05
6.3000000E+01	2.2885867E+04	1.0187598E-03	6.7394614E+00	2.6374280E+05	2.6140504E+06	4.4600595E-04	6.5719519E-01	2.8411937E+00	1.1031560E-05
6.4000000E+01	2.3943684E+04	1.0193147E-03	6.4597665E+00	2.6793047E+05	2.6157819E+06	4.3954470E-04	6.5814938E-01	2.7962986E+00	1.1064050E-05
6.5000000E+01	2.5042730E+04	1.0198761E-03	6.1934951E+00	2.7211866E+05	2.6175104E+06	4.3323875E-04	6.5908811E-01	2.7525849E+00	1.1096610E-05
6.6000000E+01	2.6184283E+04	1.0204440E-03	5.9399231E+00	2.7630739E+05	2.6192357E+06	4.2708313E-04	6.6001150E-01	2.7100126E+00	1.1129238E-05
6.7000000E+01	2.7369654E+04	1.0210184E-03	5.6983699E+00	2.8049667E+05	2.6209579E+06	4.2107307E-04	6.6091963E-01	2.6685433E+00	1.1161933E-05
6.8000000E+01	2.8600182E+04	1.0215991E-03	5.4681949E+00	2.8468652E+05	2.6226768E+06	4.1520400E-04	6.6181259E-01	2.6281402E+00	1.1194693E-05
6.9000000E+01	2.9877231E+04	1.0221863E-03	5.2487950E+00	2.8887696E+05	2.6243925E+06	4.0947152E-04	6.6269047E-01	2.5887683E+00	1.1227517E-05
7.0000000E+01	3.1202199E+04	1.0227798E-03	5.0396027E+00	2.9306800E+05	2.6261048E+06	4.0387142E-04	6.6355337E-01	2.5503937E+00	1.1260402E-05
7.1000000E+01	3.2576509E+04	1.0233796E-03	4.8400833E+00	2.9725966E+05	2.6278136E+06	3.9839964E-04	6.6440135E-01	2.5129842E+00	1.1293349E-05
7.2000000E+01	3.4001618E+04	1.0239857E-03	4.6497330E+00	3.0145195E+05	2.6295190E+06	3.9305228E-04	6.6523451E-01	2.4765086E+00	1.1326355E-05
7.3000000E+01	3.5479010E+04	1.0245982E-03	4.4680771E+00	3.0564489E+05	2.6312209E+06	3.8782558E-04	6.6605293E-01	2.4409372E+00	1.1359419E-05
7.4000000E+01	3.7010199E+04	1.0252169E-03	4.2946678E+00	3.0983850E+05	2.6329192E+06	3.8271593E-04	6.6685668E-01	2.4062414E+00	1.1392539E-05
7.5000000E+01	3.8596731E+04	1.0258418E-03	4.1290831E+00	3.1403280E+05	2.6346138E+06	3.7771987E-04	6.6764585E-01	2.3723937E+00	1.1425714E-05
7.6000000E+01	4.0240182E+04	1.0264730E-03	3.9709247E+00	3.1822779E+05	2.6363046E+06	3.7283405E-04	6.6842050E-01	2.3393676E+00	1.1458943E-05
7.7000000E+01	4.1942159E+04	1.0271104E-03	3.8198167E+00	3.2242351E+05	2.6379917E+06	3.6805524E-04	6.6918073E-01	2.3071380E+00	1.1492224E-05
7.8000000E+01	4.3704300E+04	1.0277540E-03	3.6754043E+00	3.2661996E+05	2.6396749E+06	3.6338034E-04	6.6992659E-01	2.2756802E+00	1.1525555E-05
7.9000000E+01	4.5528275E+04	1.0284038E-03	3.5373523E+00	3.3081717E+05	2.6413542E+06	3.5880636E-04	6.7065817E-01	2.2449710E+00	1.1558937E-05
8.0000000E+01	4.7415784E+04	1.0290598E-03	3.4053444E+00	3.3501515E+05	2.6430296E+06	3.5433042E-04	6.7137553E-01	2.2149877E+00	1.1592367E-05
8.1000000E+01	4.9368562E+04	1.0297219E-03	3.2790814E+00	3.3921393E+05	2.6447008E+06	3.4994973E-04	6.7207874E-01	2.1857085E+00	1.1625843E-05
8.2000000E+01	5.1388373E+04	1.0303902E-03	3.1582805E+00	3.4341351E+05	2.6463679E+06	3.4566163E-04	6.7276788E-01	2.1571126E+00	1.1659366E-05
8.3000000E+01	5.3477014E+04	1.0310646E-03	3.0426746E+00	3.4761392E+05	2.6480309E+06	3.4146351E-04	6.7344301E-01	2.1291799E+00	1.1692933E-05
8.4000000E+01	5.5636318E+04	1.0317451E-03	2.9320108E+00	3.5181518E+05	2.6496895E+06	3.3735288E-04	6.7410420E-01	2.1018908E+00	1.1726543E-05
8.5000000E+01	5.7868145E+04	1.0324318E-03	2.8260499E+00	3.5601731E+05	2.6513439E+06	3.3332733E-04	6.7475152E-01	2.0752268E+00	1.1760195E-05
8.6000000E+01	6.0174393E+04	1.0331246E-03	2.7245656E+00	3.6022033E+05	2.6529938E+06	3.2938453E-04	6.7538503E-01	2.0491698E+00	1.1793888E-05
8.7000000E+01	6.2556991E+04	1.0338235E-03	2.6273437E+00	3.6442426E+05	2.6546393E+06	3.2552224E-04	6.7600480E-01	2.0237025E+00	1.1827621E-05
8.8000000E+01	6.5017901E+04	1.0345284E-03	2.5341813E+00	3.6862911E+05	2.6562803E+06	3.2173828E-04	6.7661089E-01	1.9988081E+00	1.1861392E-05
8.9000000E+01	6.7559120E+04	1.0352395E-03	2.4448861E+00	3.7283492E+05	2.6579166E+06	3.1803055E-04	6.7720337E-01	1.9744703E+00	1.1895200E-05
9.0000000E+01	7.0182678E+04	1.0359567E-03	2.3592761E+00	3.7704169E+05	2.6595482E+06	3.1439702E-04	6.7778230E-01	1.9506737E+00	1.1929044E-05
9.1000000E+01	7.2890638E+04	1.0366800E-03	2.2771788E+00	3.8124945E+05	2.6611751E+06	3.1083573E-04	6.7834774E-01	1.9274032E+00	1.1962924E-05
9.2000000E+01	7.5685099E+04	1.0374093E-03	2.1984305E+00	3.8545823E+05	2.6627972E+06	3.0734478E-04	6.7889976E-01	1.9046442E+00	1.1996837E-05
9.3000000E+01	7.8568194E+04	1.0381448E-03	2.1228761E+00	3.8966804E+05	2.6644144E+06	3.0392233E-04	6.7943841E-01	1.8823827E+00	1.2030783E-05
9.4000000E+01	8.1542088E+04	1.0388863E-03	2.0503685E+00	3.9387891E+05	2.6660266E+06	3.0056661E-04	6.7996376E-01	1.8606052E+00	1.2064760E-05
9.5000000E+01	8.4608985E+04	1.0396340E-03	1.9807681E+00	3.9809086E+05	2.6676337E+06	2.9727590E-04	6.8047586E-01	1.8392985E+00	1.2098769E-05
9.6000000E+01	8.7771120E+04	1.0403877E-03	1.9139424E+00	4.0230390E+05	2.6692358E+06	2.9404854E-04	6.8097478E-01	1.8184501E+00	1.2132807E-05
9.7000000E+01	9.1030764E+04	1.0411475E-03	1.8497656E+00	4.0651807E+05	2.6708326E+06	2.9088290E-04	6.8146058E-01	1.7980476E+00	1.2166873E-05
9.8000000E+01	9.4390224E+04	1.0419134E-03	1.7881182E+00	4.1073339E+05	2.6724242E+06	2.8777744E-04	6.8193331E-01	1.7780792E+00	1.2200967E-05
9.9000000E+01	9.7851842E+04	1.0426855E-03	1.7288867E+00	4.1494988E+05	2.6740104E+06	2.8473063E-04	6.8239303E-01	1.7585336E+00	1.2235088E-05
1.0000000E+02	1.0141799E+05	1.0434636E-03	1.6719635E+00	4.1916757E+05	2.6755912E+06	2.8174102E-04	6.8283981E-01	1.7393996E+00	1.2269234E-05
1.0100000E+02	1.0509109E+05	1.0442479E-03	1.6172461E+00	4.2338647E+05	2.6771665E+06	2.7880717E-04	6.8327369E-01	1.7206665E+00	1.2303405E-05
1.0200000E+02	1.0887359E+05	1.0450382E-03	1.5646370E+00	4.2760661E+05	2.6787362E+06	2.7592772E-04	6.8369474E-01	1.7023240E+00	1.2337600E-05
1.0300000E+02	1.1276796E+05	1.0458347E-03	1.5140438E+00	4.3182802E+05	2.6803003E+06	2.7310133E-04	6.8410301E-01	1.6843621E+00	1.2371817E-05
1.0400000E+02	1.1677673E+05	1.0466374E-03	1.4653783E+00	4.3605073E+05	2.6818587E+06	2.7032671E-04	6.8449856E-01	1.6667710E+00	1.2406056E-05
1.0500000E+02	1.2090245E+05	1.0474462E-03	1.4185568E+00	4.4027475E+05	2.6834112E+06	2.6760259E-04	6.8488145E-01	1.6495414E+00	1.2440316E-05
1.0600000E+02	1.2514772E+05	1.0482611E-03	1.3734996E+00	4.4450011E+05	2.6849578E+06	2.6492777E-04	6.8525172E-01	1.6326641E+00	1.2474595E-05
1.0700000E+02	1.2951516E+05	1.0490822E-03	1.3301308E+00	4.4872684E+05	2.6864985E+06	2.6230106E-04	6.8560944E-01	1.6161304E+00	1.2508894E-05
1.0800000E+02	1.3400744E+05	1.0499095E-03	1.2883781E+00	4.5295497E+05	2.6880331E+06	2.5972130E-04	6.8595467E-01	1.5999316E+00	1.2543211E-05
1.0900000E+02	1.3862725E+05	1.0507430E-03	1.2481728E+00	4.5718452E+05	2.6895616E+06	2.5718740E-04	6.8628744E-01	1.5840596E+00	1.2577546E-05
1.1000000E+02	1.4337734E+05	1.0515827E-03	1.2094494E+00	4.6141551E+05	2.6910839E+06	2.5469827E-04	6.8660783E-01	1.5685062E+00	1.2611897E-05
1.1100000E+02	1.4826047E+05	1.0524287E-03	1.1721454E+00	4.6564797E+05	2.6926000E+06	2.5225285E-04	6.8691588E-01	1.5532638E+00	1.2646264E-05
1.1200000E+02	1.5327946E+05	1.0532808E-03	1.1362014E+00	4.6988194E+05	2.6941096E+06	2.4985013E-04	6.8721165E-01	1.5383248E+00	1.2680646E-05
1.1300000E+02	1.5843715E+05	1.0541392E-03	1.1015606E+00	4.7411744E+05	2.6956128E+06	2.4748912E-04	6.8749518E-01	1.5236818E+00	1.2715042E-05
1.1400000E+02	1.6373643E+05	1.0550039E-03	1.0681691E+00	4.7835448E+05	2.6971095E+06	2.4516886E-04	6.8776654E-01	1.5093278E+00	1.2749451E-05
1.1500000E+02	1.6918021E+05	1.0558748E-03	1.0359751E+00	4.8259312E+05	2.6985996E+06	2.4288840E-04	6.8802578E-01	1.4952559E+00	1.2783873E-05
1.1600000E+02	1.7477145E+05	1.0567521E-03	1.0049297E+00	4.8683336E+05	2.7000829E+06	2.4064685E-04	6.8827294E-01	1.4814595E+00	1.2818307E-05
1.1700000E+02	1.8051314E+05	1.0576356E-03	9.7498573E-01	4.9107524E+05	2.7015595E+06	2.3844332E-04	6.8850808E-01	1.4679319E+00	1.2852752E-05
1.1800000E+02	1.8640832E+05	1.0585255E-03	9.4609857E-01	4.9531879E+05	2.7030293E+06	2.3627694E-04	6.8873125E-01	1.4546671E+00	1.2887208E-05
1.1900000E+02	1.9246004E+05	1.0594218E-03	9.1822544E-01	4.9956404E+05	2.7044921E+06	2.3414689E-04	6.8894251E-01	1.4416588E+00	1.2921674E-05
1.2000000E+02	1.9867142E+05	1.0603244E-03	8.9132552E-01	5.0381102E+05	2.7059478E+06	2.3205235E-04	6.8914190E-01	1.4289011E+00	1.2956148E-05
1.2100000E+02	2.0504560E+05	1.0612335E-03	8.6535985E-01	5.0805975E+05	2.7073965E+06	2.2999253E-04	6.8932947E-01	1.4163883E+00	1.2990631E-05
1.2200000E+02	2.1158575E+05	1.0621489E-03	8.4029120E-01	5.1231026E+05	2.7088380E+06	2.2796667E-04	6.8950528E-01	1.4041148E+00	1.3025122E-05
1.2300000E+02	2.1829508E+05	1.0630708E-03	8.1608402E-01	5.1656259E+05	2.7102722E+06	2.2597401E-04	6.8966937E-01	1.3920752E+00	1.3059620E-05
1.2400000E+02	2.2517685E+05	1.0639992E-03	7.9270433E-01	5.2081676E+05	2.7116991E+06	2.2401383E-04	6.8982179E-01	1.3802642E+00	1.3094124E-05
1.2500000E+02	2.3223435E+05	1.0649341E-03	7.7011963E-01	5.2507281E+05	2.7131185E+06	2.2208541E-04	6.8996260E-01	1.3686767E+00	1.3128635E-05
1.2600000E+02	2.3947090E+05	1.0658754E-03	7.4829887E-01	5.2933077E+05	2.7145304E+06	2.2018808E-04	6.9009184E-01	1.3573077E+00	1.3163150E-05
1.2700000E+02	2.4688987E+05	1.0668234E-03	7.2721237E-01	5.3359066E+05	2.7159347E+06	2.1832115E-04	6.9020956E-01	1.3461523E+00	1.3197671E-05
1.2800000E+02	2.5449465E+05	1.0677778E-03	7.0683173E-01	5.3785252E+05	2.7173313E+06	2.1648398E-04	6.9031581E-01	1.3352059E+00	1.3232196E-05
1.2900000E+02	2.6228868E+05	1.0687389E-03	6.8712977E-01	5.4211638E+05	2.7187202E+06	2.1467593E-04	6.9041064E-01	1.3244640E+00	1.3266725E-05
1.3000000E+02	2.7027544E+05	1.0697066E-03	6.6808050E-01	5.4638227E+05	2.7201011E+06	2.1289637E-04	6.9049410E-01	1.3139220E+00	1.3301256E-05
1.3100000E+02	2.7845844E+05	1.0706810E-03	6.4965904E-01	5.5065023E+05	2.7214742E+06	2.1114470E-04	6.9056622E-01	1.3035756E+00	1.3335791E-05
1.3200000E+02	2.8684121E+05	1.0716620E-03	6.3184158E-01	5.5492028E+05	2.7228392E+06	2.0942034E-04	6.9062707E-01	1.2934207E+00	1.3370328E-05
1.3300000E+02	2.9542736E+05	1.0726497E-03	6.1460532E-01	5.5919246E+05	2.7241960E+06	2.0772271E-04	6.9067668E-01	1.2834531E+00	1.3404866E-05
1.3400000E+02	3.0422049E+05	1.0736442E-03	5.9792843E-01	5.6346680E+05	2.7255447E+06	2.0605126E-04	6.9071510E-01	1.2736690E+00	1.3439406E-05
1.3500000E+02	3.1322427E+05	1.0746455E-03	5.8178998E-01	5.6774333E+05	2.7268851E+06	2.0440543E-04	6.9074239E-01	1.2640643E+00	1.3473947E-05
1.3600000E+02	3.2244239E+05	1.0756535E-03	5.6616996E-01	5.7202210E+05	2.7282172E+06	2.0278469E-04	6.9075857E-01	1.2546355E+00	1.3508488E-05
1.3700000E+02	3.3187859E+05	1.0766684E-03	5.5104916E-01	5.7630312E+05	2.7295407E+06	2.0118854E-04	6.9076371E-01	1.2453787E+00	1.3543029E-05
1.3800000E+02	3.4153663E+05	1.0776902E-03	5.3640917E-01	5.8058644E+05	2.7308558E+06	1.9961646E-04	6.9075784E-01	1.2362905E+00	1.3577570E-05
1.3900000E+02	3.5142032E+05	1.0787189E-03	5.2223238E-01	5.8487208E+05	2.7321622E+06	1.9806796E-04	6.9074101E-01	1.2273673E+00	1.3612110E-05
1.4000000E+02	3.6153350E+05	1.0797545E-03	5.0850186E-01	5.8916009E+05	2.7334599E+06	1.9654255E-04	6.9071327E-01	1.2186059E+00	1.3646649E-05
1.4100000E+02	3.7188005E+05	1.0807972E-03	4.9520140E-01	5.9345050E+05	2.7347488E+06	1.9503979E-04	6.9067465E-01	1.2100029E+00	1.3681186E-05
1.4200000E+02	3.8246389E+05	1.0818468E-03	4.8231546E-01	5.9774334E+05	2.7360288E+06	1.9355920E-04	6.9062520E-01	1.2015551E+00	1.3715722E-05
1.4300000E+02	3.9328896E+05	1.0829035E-03	4.6982911E-01	6.0203865E+05	2.7372998E+06	1.9210033E-04	6.9056496E-01	1.1932594E+00	1.3750256E-05
1.4400000E+02	4.0435926E+05	1.0839672E-03	4.5772803E-01	6.0633647E+05	2.7385618E+06	1.9066277E-04	6.9049399E-01	1.1851128E+00	1.3784787E-05
1.4500000E+02	4.1567881E+05	1.0850382E-03	4.4599849E-01	6.1063682E+05	2.7398146E+06	1.8924607E-04	6.9041231E-01	1.1771124E+00	1.3819316E-05
1.4600000E+02	4.2725167E+05	1.0861163E-03	4.3462731E-01	6.1493975E+05	2.7410582E+06	1.8784982E-04	6.9031997E-01	1.1692552E+00	1.3853843E-05
1.4700000E+02	4.3908194E+05	1.0872016E-03	4.2360182E-01	6.1924529E+05	2.7422925E+06	1.8647363E-04	6.9021702E-01	1.1615385E+00	1.3888366E-05
1.4800000E+02	4.5117375E+05	1.0882941E-03	4.1290987E-01	6.2355348E+05	2.7435174E+06	1.8511710E-04	6.9010349E-01	1.1539595E+00	1.3922885E-05
1.4900000E+02	4.6353128E+05	1.0893940E-03	4.0253978E-01	6.2786435E+05	2.7447328E+06	1.8377983E-04	6.8997942E-01	1.1465157E+00	1.3957402E-05
1.5000000E+02	4.7615872E+05	1.0905012E-03	3.9248035E-01	6.3217795E+05	2.7459386E+06	1.8246146E-04	6.8984487E-01	1.1392043E+00	1.3991914E-05
1.5100000E+02	4.8906033E+05	1.0916158E-03	3.8272079E-01	6.3649431E+05	2.7471348E+06	1.8116161E-04	6.8969985E-01	1.1320229E+00	1.4026423E-05
1.5200000E+02	5.0224038E+05	1.0927379E-03	3.7325076E-01	6.4081347E+05	2.7483212E+06	1.7987993E-04	6.8954443E-01	1.1249690E+00	1.4060928E-05
1.5300000E+02	5.1570318E+05	1.0938674E-03	3.6406030E-01	6.4513547E+05	2.7494977E+06	1.7861607E-04	6.8937862E-01	1.1180402E+00	1.4095429E-05
1.5400000E+02	5.2945308E+05	1.0950045E-03	3.5513986E-01	6.4946034E+05	2.7506644E+06	1.7736968E-04	6.8920249E-01	1.1112342E+00	1.4129926E-05
1.5500000E+02	5.4349447E+05	1.0961491E-03	3.4648024E-01	6.5378813E+05	2.7518210E+06	1.7614042E-04	6.8901605E-01	1.1045488E+00	1.4164418E-05
1.5600000E+02	5.5783177E+05	1.0973014E-03	3.3807259E-01	6.5811887E+05	2.7529675E+06	1.7492798E-04	6.8881936E-01	1.0979816E+00	1.4198907E-05
1.5700000E+02	5.7246944E+05	1.0984614E-03	3.2990843E-01	6.6245260E+05	2.7541038E+06	1.7373203E-04	6.8861244E-01	1.0915306E+00	1.4233390E-05
1.5800000E+02	5.8741197E+05	1.0996291E-03	3.2197955E-01	6.6678936E+05	2.7552299E+06	1.7255225E-04	6.8839534E-01	1.0851937E+00	1.4267870E-05
1.5900000E+02	6.0266388E+05	1.1008045E-03	3.1427811E-01	6.7112920E+05	2.7563456E+06	1.7138835E-04	6.8816809E-01	1.0789687E+00	1.4302345E-05
1.6000000E+02	6.1822974E+05	1.1019879E-03	3.0679652E-01	6.7547216E+05	2.7574508E+06	1.7024002E-04	6.8793074E-01	1.0728538E+00	1.4336815E-05
1.6100000E+02	6.3411414E+05	1.1031791E-03	2.9952750E-01	6.7981827E+05	2.7585454E+06	1.6910697E-04	6.8768330E-01	1.0668469E+00	1.4371281E-05
1.6200000E+02	6.5032173E+05	1.1043783E-03	2.9246403E-01	6.8416757E+05	2.7596295E+06	1.6798891E-04	6.8742583E-01	1.0609461E+00	1.4405743E-05
1.6300000E+02	6.6685716E+05	1.1055854E-03	2.8559937E-01	6.8852011E+05	2.7607028E+06	1.6688557E-04	6.8715836E-01	1.0551496E+00	1.4440201E-05
1.6400000E+02	6.8372514E+05	1.1068007E-03	2.7892701E-01	6.9287593E+05	2.7617652E+06	1.6579667E-04	6.8688092E-01	1.0494556E+00	1.4474654E-05
1.6500000E+02	7.0093042E+05	1.1080240E-03	2.7244069E-01	6.9723508E+05	2.7628168E+06	1.6472195E-04	6.8659354E-01	1.0438623E+00	1.4509104E-05
1.6600000E+02	7.1847775E+05	1.1092556E-03	2.6613437E-01	7.0159759E+05	2.7638574E+06	1.6366114E-04	6.8629627E-01	1.0383680E+00	1.4543549E-05
1.6700000E+02	7.3637195E+05	1.1104954E-03	2.6000226E-01	7.0596351E+05	2.7648869E+06	1.6261399E-04	6.8598913E-01	1.0329710E+00	1.4577991E-05
1.6800000E+02	7.5461786E+05	1.1117435E-03	2.5403875E-01	7.1033288E+05	2.7659052E+06	1.6158024E-04	6.8567215E-01	1.0276697E+00	1.4612429E-05
1.6900000E+02	7.7322036E+05	1.1130000E-03	2.4823844E-01	7.1470574E+05	2.7669122E+06	1.6055966E-04	6.8534538E-01	1.0224626E+00	1.4646864E-05
1.7000000E+02	7.9218436E+05	1.1142649E-03	2.4259614E-01	7.1908215E+05	2.7679079E+06	1.5955199E-04	6.8500884E-01	1.0173479E+00	1.4681296E-05
1.7100000E+02	8.1151480E+05	1.1155383E-03	2.3710684E-01	7.2346214E+05	2.7688921E+06	1.5855702E-04	6.8466256E-01	1.0123243E+00	1.4715725E-05
1.7200000E+02	8.3121666E+05	1.1168203E-03	2.3176571E-01	7.2784576E+05	2.7698647E+06	1.5757450E-04	6.8430658E-01	1.0073903E+00	1.4750151E-05
1.7300000E+02	8.5129495E+05	1.1181109E-03	2.2656808E-01	7.3223305E+05	2.7708257E+06	1.5660422E-04	6.8394092E-01	1.0025444E+00	1.4784574E-05
1.7400000E+02	8.7175473E+05	1.1194102E-03	2.2150947E-01	7.3662407E+05	2.7717749E+06	1.5564595E-04	6.8356563E-01	9.9778515E-01	1.4818996E-05
1.7500000E+02	8.9260107E+05	1.1207183E-03	2.1658554E-01	7.4101885E+05	2.7727124E+06	1.5469947E-04	6.8318072E-01	9.9311127E-01	1.4853416E-05
1.7600000E+02	9.1383909E+05	1.1220353E-03	2.1179211E-01	7.4541746E+05	2.7736378E+06	1.5376458E-04	6.8278622E-01	9.8852139E-01	1.4887834E-05
1.7700000E+02	9.3547394E+05	1.1233612E-03	2.0712514E-01	7.4981992E+05	2.7745513E+06	1.5284107E-04	6.8238218E-01	9.8401422E-01	1.4922251E-05
1.7800000E+02	9.5751080E+05	1.1246961E-03	2.0258075E-01	7.5422629E+05	2.7754526E+06	1.5192873E-04	6.8196861E-01	9.7958847E-01	1.4956668E-05
1.7900000E+02	9.7995489E+05	1.1260400E-03	1.9815518E-01	7.5863663E+05	2.7763417E+06	1.5102737E-04	6.8154554E-01	9.7524292E-01	1.4991085E-05
1.8000000E+02	1.0028114E+06	1.1273931E-03	1.9384480E-01	7.6305097E+05	2.7772185E+06	1.5013679E-04	6.8111301E-01	9.7097636E-01	1.5025501E-05
1.8100000E+02	1.0260858E+06	1.1287555E-03	1.8964611E-01	7.6746937E+05	2.7780829E+06	1.4925681E-04	6.8067103E-01	9.6678760E-01	1.5059919E-05
1.8200000E+02	1.0497832E+06	1.1301271E-03	1.8555574E-01	7.7189187E+05	2.7789347E+06	1.4838723E-04	6.8021964E-01	9.6267551E-01	1.5094337E-05
1.8300000E+02	1.0739090E+06	1.1315082E-03	1.8157041E-01	7.7631853E+05	2.7797740E+06	1.4752788E-04	6.7975886E-01	9.5863895E-01	1.5128757E-05
1.8400000E+02	1.0984686E+06	1.1328987E-03	1.7768698E-01	7.8074941E+05	2.7806005E+06	1.4667856E-04	6.7928873E-01	9.5467686E-01	1.5163180E-05
1.8500000E+02	1.1234674E+06	1.1342988E-03	1.7390240E-01	7.8518454E+05	2.7814142E+06	1.4583912E-04	6.7880925E-01	9.5078815E-01	1.5197605E-05
1.8600000E+02	1.1489110E+06	1.1357085E-03	1.7021373E-01	7.8962398E+05	2.7822149E+06	1.4500936E-04	6.7832047E-01	9.4697179E-01	1.5232034E-05
1.8700000E+02	1.1748046E+06	1.1371280E-03	1.6661813E-01	7.9406779E+05	2.7830027E+06	1.4418914E-04	6.7782240E-01	9.4322678E-01	1.5266467E-05
1.8800000E+02	1.2011539E+06	1.1385573E-03	1.6311285E-01	7.9851601E+05	2.7837773E+06	1.4337827E-04	6.7731507E-01	9.3955213E-01	1.5300904E-05
1.8900000E+02	1.2279645E+06	1.1399965E-03	1.5969523E-01	8.0296871E+05	2.7845386E+06	1.4257660E-04	6.7679850E-01	9.3594689E-01	1.5335347E-05
1.9000000E+02	1.2552418E+06	1.1414458E-03	1.5636272E-01	8.0742593E+05	2.7852867E+06	1.4178397E-04	6.7627272E-01	9.3241011E-01	1.5369795E-05
1.9100000E+02	1.2829916E+06	1.1429051E-03	1.5311283E-01	8.1188773E+05	2.7860213E+06	1.4100022E-04	6.7573775E-01	9.2894090E-01	1.5404251E-05
1.9200000E+02	1.3112193E+06	1.1443746E-03	1.4994315E-01	8.1635417E+05	2.7867423E+06	1.4022520E-04	6.7519360E-01	9.2553836E-01	1.5438714E-05
1.9300000E+02	1.3399308E+06	1.1458545E-03	1.4685138E-01	8.2082530E+05	2.7874496E+06	1.3945876E-04	6.7464031E-01	9.2220164E-01	1.5473185E-05
1.9400000E+02	1.3691318E+06	1.1473447E-03	1.4383527E-01	8.2530118E+05	2.7881432E+06	1.3870075E-04	6.7407790E-01	9.1892990E-01	1.5507666E-05
1.9500000E+02	1.3988279E+06	1.1488455E-03	1.4089265E-01	8.2978187E+05	2.7888229E+06	1.3795102E-04	6.7350638E-01	9.1572232E-01	1.5542156E-05
1.9600000E+02	1.4290249E+06	1.1503568E-03	1.3802141E-01	8.3426742E+05	2.7894886E+06	1.3720943E-04	6.7292577E-01	9.1257810E-01	1.5576658E-05
1.9700000E+02	1.4597287E+06	1.1518789E-03	1.3521954E-01	8.3875789E+05	2.7901402E+06	1.3647585E-04	6.7233610E-01	9.0949648E-01	1.5611171E-05
1.9800000E+02	1.4909451E+06	1.1534118E-03	1.3248505E-01	8.4325335E+05	2.7907776E+06	1.3575014E-04	6.7173738E-01	9.0647670E-01	1.5645696E-05
1.9900000E+02	1.5226800E+06	1.1549556E-03	1.2981606E-01	8.4775385E+05	2.7914007E+06	1.3503215E-04	6.7112964E-01	9.0351803E-01	1.5680236E-05
2.0000000E+02	1.5549392E+06	1.1565104E-03	1.2721073E-01	8.5225945E+05	2.7920092E+06	1.3432177E-04	6.7051289E-01	9.0061976E-01	1.5714790E-05
2.0100000E+02	1.5877287E+06	1.1580765E-03	1.2466726E-01	8.5677022E+05	2.7926033E+06	1.3361886E-04	6.6988715E-01	8.9778121E-01	1.5749359E-05
2.0200000E+02	1.6210545E+06	1.1596537E-03	1.2218393E-01	8.6128622E+05	2.7931826E+06	1.3292329E-04	6.6925244E-01	8.9500170E-01	1.5783946E-05
2.0300000E+02	1.6549225E+06	1.1612424E-03	1.1975907E-01	8.6580751E+05	2.7937471E+06	1.3223493E-04	6.6860877E-01	8.9228059E-01	1.5818550E-05
2.0400000E+02	1.6893389E+06	1.1628426E-03	1.1739107E-01	8.7033415E+05	2.7942966E+06	1.3155368E-04	6.6795616E-01	8.8961723E-01	1.5853173E-05
2.0500000E+02	1.7243095E+06	1.1644544E-03	1.1507836E-01	8.7486622E+05	2.7948312E+06	1.3087939E-04	6.6729462E-01	8.8701103E-01	1.5887816E-05
2.0600000E+02	1.7598406E+06	1.1660780E-03	1.1281942E-01	8.7940377E+05	2.7953505E+06	1.3021196E-04	6.6662418E-01	8.8446138E-01	1.5922481E-05
2.0700000E+02	1.7959383E+06	1.1677135E-03	1.1061278E-01	8.8394687E+05	2.7958545E+06	1.2955127E-04	6.6594485E-01	8.8196772E-01	1.5957168E-05
2.0800000E+02	1.8326087E+06	1.1693610E-03	1.0845702E-01	8.8849559E+05	2.7963431E+06	1.2889721E-04	6.6525663E-01	8.7952948E-01	1.5991878E-05
2.0900000E+02	1.8698580E+06	1.1710206E-03	1.0635075E-01	8.9305000E+05	2.7968161E+06	1.2824965E-04	6.6455955E-01	8.7714613E-01	1.6026614E-05
2.1000000E+02	1.9076924E+06	1.1726925E-03	1.0429264E-01	8.9761017E+05	2.7972734E+06	1.2760850E-04	6.6385362E-01	8.7481715E-01	1.6061377E-05
2.1100000E+02	1.9461182E+06	1.1743768E-03	1.0228139E-01	9.0217616E+05	2.7977149E+06	1.2697364E-04	6.6313884E-01	8.7254203E-01	1.6096167E-05
2.1200000E+02	1.9851417E+06	1.1760737E-03	1.0031575E-01	9.0674805E+05	2.7981405E+06	1.2634497E-04	6.6241524E-01	8.7032029E-01	1.6130987E-05
2.1300000E+02	2.0247691E+06	1.1777833E-03	9.8394490E-02	9.1132591E+05	2.7985499E+06	1.2572237E-04	6.6168282E-01	8.6815146E-01	1.6165837E-05
2.1400000E+02	2.0650069E+06	1.1795058E-03	9.6516437E-02	9.1590981E+05	2.7989431E+06	1.2510576E-04	6.6094159E-01	8.6603508E-01	1.6200719E-05
2.1500000E+02	2.1058613E+06	1.1812413E-03	9.4680443E-02	9.2049983E+05	2.7993200E+06	1.2449501E-04	6.6019157E-01	8.6397073E-01	1.6235635E-05
2.1600000E+02	2.1473389E+06	1.1829899E-03	9.2885397E-02	9.2509604E+05	2.7996803E+06	1.2389005E-04	6.5943276E-01	8.6195799E-01	1.6270587E-05
2.1700000E+02	2.1894460E+06	1.1847518E-03	9.1130223E-02	9.2969852E+05	2.8000240E+06	1.2329076E-04	6.5866518E-01	8.5999645E-01	1.6305575E-05
2.1800000E+02	2.2321891E+06	1.1865271E-03	8.9413874E-02	9.3430735E+05	2.8003508E+06	1.2269705E-04	6.5788883E-01	8.5808573E-01	1.6340602E-05
2.1900000E+02	2.2755748E+06	1.1883161E-03	8.7735337E-02	9.3892259E+05	2.8006607E+06	1.2210882E-04	6.5710371E-01	8.5622546E-01	1.6375670E-05
2.2000000E+02	2.3196095E+06	1.1901189E-03	8.6093628E-02	9.4354434E+05	2.8009536E+06	1.2152599E-04	6.5630985E-01	8.5441529E-01	1.6410780E-05
2.2100000E+02	2.3642998E+06	1.1919357E-03	8.4487792E-02	9.4817267E+05	2.8012291E+06	1.2094845E-04	6.5550724E-01	8.5265488E-01	1.6445933E-05
2.2200000E+02	2.4096524E+06	1.1937666E-03	8.2916904E-02	9.5280767E+05	2.8014873E+06	1.2037612E-04	6.5469588E-01	8.5094392E-01	1.6481132E-05
2.2300000E+02	2.4556738E+06	1.1956117E-03	8.1380063E-02	9.5744941E+05	2.8017279E+06	1.1980891E-04	6.5387580E-01	8.4928209E-01	1.6516379E-05
2.2400000E+02	2.5023708E+06	1.1974714E-03	7.9876398E-02	9.6209798E+05	2.8019508E+06	1.1924673E-04	6.5304698E-01	8.4766913E-01	1.6551676E-05
2.2500000E+02	2.5497499E+06	1.1993457E-03	7.8405060E-02	9.6675347E+05	2.8021558E+06	1.1868949E-04	6.5220944E-01	8.4610474E-01	1.6587024E-05
2.2600000E+02	2.5978181E+06	1.2012349E-03	7.6965227E-02	9.7141596E+05	2.8023428E+06	1.1813711E-04	6.5136317E-01	8.4458868E-01	1.6622426E-05
2.2700000E+02	2.6465819E+06	1.2031391E-03	7.5556101E-02	9.7608554E+05	2.8025116E+06	1.1758950E-04	6.5050819E-01	8.4312070E-01	1.6657884E-05
2.2800000E+02	2.6960482E+06	1.2050585E-03	7.4176905E-02	9.8076231E+05	2.8026620E+06	1.1704658E-04	6.4964448E-01	8.4170060E-01	1.6693400E-05
2.2900000E+02	2.7462238E+06	1.2069934E-03	7.2826887E-02	9.8544634E+05	2.8027939E+06	1.1650828E-04	6.4877207E-01	8.4032815E-01	1.6728976E-05
2.3000000E+02	2.7971156E+06	1.2089439E-03	7.1505314E-02	9.9013774E+05	2.8029071E+06	1.1597449E-04	6.4789093E-01	8.3900317E-01	1.6764615E-05
2.3100000E+02	2.8487305E+06	1.2109102E-03	7.0211475E-02	9.9483659E+05	2.8030014E+06	1.1544516E-04	6.4700108E-01	8.3772548E-01	1.6800318E-05
2.3200000E+02	2.9010754E+06	1.2128925E-03	6.8944681E-02	9.9954299E+05	2.8030766E+06	1.1492020E-04	6.4610252E-01	8.3649493E-01	1.6836089E-05
2.3300000E+02	2.9541572E+06	1.2148912E-03	6.7704260E-02	1.0042570E+06	2.8031326E+06	1.1439953E-04	6.4519524E-01	8.3531137E-01	1.6871929E-05
2.3400000E+02	3.0079829E+06	1.2169063E-03	6.6489560E-02	1.0089788E+06	2.8031692E+06	1.1388307E-04	6.4427923E-01	8.3417468E-01	1.6907842E-05
2.3500000E+02	3.0625597E+06	1.2189381E-03	6.5299948E-02	1.0137085E+06	2.8031862E+06	1.1337076E-04	6.4335451E-01	8.3308476E-01	1.6943829E-05
2.3600000E+02	3.1178944E+06	1.2209868E-03	6.4134807E-02	1.0184461E+06	2.8031833E+06	1.1286251E-04	6.4242106E-01	8.3204151E-01	1.6979894E-05
2.3700000E+02	3.1739942E+06	1.2230527E-03	6.2993539E-02	1.0231917E+06	2.8031605E+06	1.1235826E-04	6.4147888E-01	8.3104485E-01	1.7016039E-05
2.3800000E+02	3.2308663E+06	1.2251360E-03	6.1875562E-02	1.0279455E+06	2.8031175E+06	1.1185793E-04	6.4052796E-01	8.3009474E-01	1.7052266E-05
2.3900000E+02	3.2885177E+06	1.2272370E-03	6.0780310E-02	1.0327076E+06	2.8030541E+06	1.1136145E-04	6.3956830E-01	8.2919112E-01	1.7088580E-05
2.4000000E+02	3.3469557E+06	1.2293558E-03	5.9707234E-02	1.0374780E+06	2.8029701E+06	1.1086874E-04	6.3859989E-01	8.2833399E-01	1.7124983E-05
2.4100000E+02	3.4061875E+06	1.2314928E-03	5.8655798E-02	1.0422569E+06	2.8028653E+06	1.1037975E-04	6.3762272E-01	8.2752333E-01	1.7161477E-05
2.4200000E+02	3.4662204E+06	1.2336482E-03	5.7625481E-02	1.0470444E+06	2.8027395E+06	1.0989440E-04	6.3663679E-01	8.2675916E-01	1.7198066E-05
2.4300000E+02	3.5270616E+06	1.2358223E-03	5.6615778E-02	1.0518407E+06	2.8025925E+06	1.0941263E-04	6.3564208E-01	8.2604152E-01	1.7234753E-05
2.4400000E+02	3.5887185E+06	1.2380154E-03	5.5626198E-02	1.0566457E+06	2.8024241E+06	1.0893436E-04	6.3463858E-01	8.2537046E-01	1.7271542E-05
2.4500000E+02	3.6511985E+06	1.2402277E-03	5.4656260E-02	1.0614597E+06	2.8022340E+06	1.0845953E-04	6.3362628E-01	8.2474604E-01	1.7308435E-05
2.4600000E+02	3.7145089E+06	1.2424595E-03	5.3705498E-02	1.0662827E+06	2.8020220E+06	1.0798808E-04	6.3260517E-01	8.2416836E-01	1.7345436E-05
2.4700000E+02	3.7786572E+06	1.2447111E-03	5.2773461E-02	1.0711150E+06	2.8017880E+06	1.0751993E-04	6.3157524E-01	8.2363753E-01	1.7382549E-05
2.4800000E+02	3.8436509E+06	1.2469829E-03	5.1859707E-02	1.0759565E+06	2.8015316E+06	1.0705504E-04	6.3053647E-01	8.2315369E-01	1.7419777E-05
2.4900000E+02	3.9094974E+06	1.2492750E-03	5.0963805E-02	1.0808075E+06	2.8012526E+06	1.0659332E-04	6.2948884E-01	8.2271697E-01	1.7457124E-05
2.5000000E+02	3.9762043E+06	1.2515879E-03	5.0085340E-02	1.0856680E+06	2.8009508E+06	1.0613473E-04	6.2843235E-01	8.2232757E-01	1.7494594E-05
2.5100000E+02	4.0437793E+06	1.2539219E-03	4.9223903E-02	1.0905383E+06	2.8006260E+06	1.0567920E-04	6.2736696E-01	8.2198566E-01	1.7532190E-05
2.5200000E+02	4.1122298E+06	1.2562772E-03	4.8379099E-02	1.0954184E+06	2.8002778E+06	1.0522666E-04	6.2629266E-01	8.2169148E-01	1.7569917E-05
2.5300000E+02	4.1815637E+06	1.2586543E-03	4.7550543E-02	1.1003084E+06	2.7999061E+06	1.0477706E-04	6.2520943E-01	8.2144526E-01	1.7607779E-05
2.5400000E+02	4.2517885E+06	1.2610535E-03	4.6737859E-02	1.1052086E+06	2.7995105E+06	1.0433033E-04	6.2411726E-01	8.2124727E-01	1.7645779E-05
2.5500000E+02	4.3229121E+06	1.2634750E-03	4.5940682E-02	1.1101190E+06	2.7990909E+06	1.0388642E-04	6.2301611E-01	8.2109779E-01	1.7683923E-05
2.5600000E+02	4.3949421E+06	1.2659194E-03	4.5158656E-02	1.1150399E+06	2.7986469E+06	1.0344527E-04	6.2190596E-01	8.2099714E-01	1.7722214E-05
2.5700000E+02	4.4678865E+06	1.2683869E-03	4.4391435E-02	1.1199712E+06	2.7981783E+06	1.0300682E-04	6.2078679E-01	8.2094565E-01	1.7760658E-05
2.5800000E+02	4.5417530E+06	1.2708780E-03	4.3638680E-02	1.1249133E+06	2.7976847E+06	1.0257101E-04	6.1965858E-01	8.2094371E-01	1.7799259E-05
2.5900000E+02	4.6165496E+06	1.2733930E-03	4.2900063E-02	1.1298663E+06	2.7971660E+06	1.0213778E-04	6.1852128E-01	8.2099169E-01	1.7838021E-05
2.6000000E+02	4.6922843E+06	1.2759323E-03	4.2175263E-02	1.1348302E+06	2.7966217E+06	1.0170708E-04	6.1737489E-01	8.2109002E-01	1.7876951E-05
2.6100000E+02	4.7689649E+06	1.2784964E-03	4.1463969E-02	1.1398054E+06	2.7960517E+06	1.0127885E-04	6.1621935E-01	8.2123916E-01	1.7916052E-05
2.6200000E+02	4.8465995E+06	1.2810857E-03	4.0765876E-02	1.1447918E+06	2.7954556E+06	1.0085303E-04	6.1505465E-01	8.2143958E-01	1.7955330E-05
2.6300000E+02	4.9251962E+06	1.2837005E-03	4.0080688E-02	1.1497898E+06	2.7948330E+06	1.0042958E-04	6.1388074E-01	8.2169179E-01	1.7994791E-05
2.6400000E+02	5.0047631E+06	1.2863415E-03	3.9408115E-02	1.1547995E+06	2.7941838E+06	1.0000842E-04	6.1269760E-01	8.2199635E-01	1.8034440E-05
2.6500000E+02	5.0853083E+06	1.2890089E-03	3.8747876E-02	1.1598210E+06	2.7935075E+06	9.9589511E-05	6.1150518E-01	8.2235383E-01	1.8074283E-05
2.6600000E+02	5.1668401E+06	1.2917033E-03	3.8099697E-02	1.1648546E+06	2.7928038E+06	9.9172796E-05	6.1030345E-01	8.2276484E-01	1.8114326E-05
2.6700000E+02	5.2493667E+06	1.2944252E-03	3.7463311E-02	1.1699004E+06	2.7920724E+06	9.8758219E-05	6.0909236E-01	8.2323004E-01	1.8154574E-05
2.6800000E+02	5.3328963E+06	1.2971751E-03	3.6838455E-02	1.1749586E+06	2.7913129E+06	9.8345728E-05	6.0787188E-01	8.2375012E-01	1.8195034E-05
2.6900000E+02	5.4174374E+06	1.2999534E-03	3.6224876E-02	1.1800294E+06	2.7905250E+06	9.7935267E-05	6.0664196E-01	8.2432579E-01	1.8235712E-05
2.7000000E+02	5.5029983E+06	1.3027607E-03	3.5622326E-02	1.1851130E+06	2.7897083E+06	9.7526783E-05	6.0540255E-01	8.2495783E-01	1.8276615E-05
2.7100000E+02	5.5895875E+06	1.3055976E-03	3.5030563E-02	1.1902096E+06	2.7888625E+06	9.7120224E-05	6.0415360E-01	8.2564705E-01	1.8317750E-05
2.7200000E+02	5.6772133E+06	1.3084645E-03	3.4449351E-02	1.1953194E+06	2.7879871E+06	9.6715536E-05	6.0289507E-01	8.2639431E-01	1.8359123E-05
2.7300000E+02	5.7658845E+06	1.3113621E-03	3.3878459E-02	1.2004426E+06	2.7870818E+06	9.6312666E-05	6.0162690E-01	8.2720050E-01	1.8400743E-05
2.7400000E+02	5.8556094E+06	1.3142910E-03	3.3317664E-02	1.2055794E+06	2.7861462E+06	9.5911562E-05	6.0034904E-01	8.2806658E-01	1.8442615E-05
2.7500000E+02	5.9463969E+06	1.3172517E-03	3.2766745E-02	1.2107302E+06	2.7851799E+06	9.5512172E-05	5.9906143E-01	8.2899355E-01	1.8484749E-05
2.7600000E+02	6.0382556E+06	1.3202449E-03	3.2225490E-02	1.2158949E+06	2.7841824E+06	9.5114442E-05	5.9776400E-01	8.2998245E-01	1.8527151E-05
2.7700000E+02	6.1311942E+06	1.3232712E-03	3.1693690E-02	1.2210740E+06	2.7831534E+06	9.4718320E-05	5.9645671E-01	8.3103439E-01	1.8569830E-05
2.7800000E+02	6.2252215E+06	1.3263313E-03	3.1171141E-02	1.2262677E+06	2.7820924E+06	9.4323755E-05	5.9513948E-01	8.3215055E-01	1.8612794E-05
2.7900000E+02	6.3203464E+06	1.3294259E-03	3.0657645E-02	1.2314762E+06	2.7809990E+06	9.3930694E-05	5.9381225E-01	8.3333215E-01	1.8656053E-05
2.8000000E+02	6.4165778E+06	1.3325556E-03	3.0153008E-02	1.2366996E+06	2.7798726E+06	9.3539085E-05	5.9247494E-01	8.3458047E-01	1.8699614E-05
2.8100000E+02	6.5139247E+06	1.3357212E-03	2.9657040E-02	1.2419385E+06	2.7787129E+06	9.3148876E-05	5.9112749E-01	8.3589688E-01	1.8743487E-05
2.8200000E+02	6.6123961E+06	1.3389235E-03	2.9169556E-02	1.2471928E+06	2.7775193E+06	9.2760015E-05	5.8976982E-01	8.3728279E-01	1.8787682E-05
2.8300000E+02	6.7120012E+06	1.3421631E-03	2.8690377E-02	1.2524630E+06	2.7762914E+06	9.2372450E-05	5.8840184E-01	8.3873972E-01	1.8832208E-05
2.8400000E+02	6.8127490E+06	1.3454409E-03	2.8219325E-02	1.2577494E+06	2.7750286E+06	9.1986127E-05	5.8702348E-01	8.4026923E-01	1.8877076E-05
2.8500000E+02	6.9146487E+06	1.3487578E-03	2.7756229E-02	1.2630521E+06	2.7737304E+06	9.1600996E-05	5.8563465E-01	8.4187298E-01	1.8922296E-05
2.8600000E+02	7.0177098E+06	1.3521145E-03	2.7300921E-02	1.2683715E+06	2.7723964E+06	9.1217004E-05	5.8423526E-01	8.4355272E-01	1.8967878E-05
2.8700000E+02	7.1219415E+06	1.3555120E-03	2.6853237E-02	1.2737080E+06	2.7710258E+06	9.0834097E-05	5.8282522E-01	8.4531028E-01	1.9013835E-05
2.8800000E+02	7.2273532E+06	1.3589511E-03	2.6413015E-02	1.2790617E+06	2.7696183E+06	9.0452224E-05	5.8140443E-01	8.4714760E-01	1.9060178E-05
2.8900000E+02	7.3339545E+06	1.3624328E-03	2.5980100E-02	1.2844331E+06	2.7681731E+06	9.0071330E-05	5.7997279E-01	8.4906669E-01	1.9106918E-05
2.9000000E+02	7.4417548E+06	1.3659580E-03	2.5554338E-02	1.2898224E+06	2.7666898E+06	8.9691362E-05	5.7853019E-01	8.5106970E-01	1.9154069E-05
2.9100000E+02	7.5507639E+06	1.3695278E-03	2.5135580E-02	1.2952300E+06	2.7651676E+06	8.9312268E-05	5.7707653E-01	8.5315887E-01	1.9201643E-05
2.9200000E+02	7.6609915E+06	1.3731432E-03	2.4723678E-02	1.3006563E+06	2.7636060E+06	8.8933993E-05	5.7561169E-01	8.5533656E-01	1.9249653E-05
2.9300000E+02	7.7724473E+06	1.3768052E-03	2.4318491E-02	1.3061016E+06	2.7620043E+06	8.8556481E-05	5.7413554E-01	8.5760528E-01	1.9298114E-05
2.9400000E+02	7.8851412E+06	1.3805151E-03	2.3919878E-02	1.3115663E+06	2.7603619E+06	8.8179680E-05	5.7264798E-01	8.5996764E-01	1.9347039E-05
2.9500000E+02	7.9990831E+06	1.3842738E-03	2.3527703E-02	1.3170507E+06	2.7586780E+06	8.7803533E-05	5.7114886E-01	8.6242641E-01	1.9396444E-05
2.9600000E+02	8.1142831E+06	1.3880827E-03	2.3141831E-02	1.3225553E+06	2.7569519E+06	8.7427984E-05	5.6963806E-01	8.6498450E-01	1.9446343E-05
2.9700000E+02	8.2307513E+06	1.3919429E-03	2.2762133E-02	1.3280805E+06	2.7551829E+06	8.7052978E-05	5.6811543E-01	8.6764500E-01	1.9496754E-05
2.9800000E+02	8.3484979E+06	1.3958558E-03	2.2388479E-02	1.3336267E+06	2.7533703E+06	8.6678457E-05	5.6658083E-01	8.7041114E-01	1.9547693E-05
2.9900000E+02	8.4675332E+06	1.3998226E-03	2.2020746E-02	1.3391942E+06	2.7515133E+06	8.6304364E-05	5.6503410E-01	8.7328634E-01	1.9599176E-05
3.0000000E+02	8.5878675E+06	1.4038449E-03	2.1658810E-02	1.3447837E+06	2.7496110E+06	8.5930640E-05	5.6347508E-01	8.7627423E-01	1.9651222E-05
3.0100000E+02	8.7095113E+06	1.4079239E-03	2.1302551E-02	1.3503955E+06	2.7476627E+06	8.5557227E-05	5.6190361E-01	8.7937863E-01	1.9703850E-05
3.0200000E+02	8.8324753E+06	1.4120613E-03	2.0951853E-02	1.3560301E+06	2.7456675E+06	8.5184064E-05	5.6031951E-01	8.8260357E-01	1.9757080E-05
3.0300000E+02	8.9567700E+06	1.4162585E-03	2.0606599E-02	1.3616880E+06	2.7436245E+06	8.4811090E-05	5.5872261E-01	8.8595333E-01	1.9810930E-05
3.0400000E+02	9.0824063E+06	1.4205172E-03	2.0266679E-02	1.3673697E+06	2.7415328E+06	8.4438245E-05	5.5711271E-01	8.8943243E-01	1.9865423E-05
3.0500000E+02	9.2093951E+06	1.4248391E-03	1.9931981E-02	1.3730758E+06	2.7393914E+06	8.4065464E-05	5.5548961E-01	8.9304568E-01	1.9920581E-05
3.0600000E+02	9.3377472E+06	1.4292259E-03	1.9602397E-02	1.3788068E+06	2.7371994E+06	8.3692685E-05	5.5385310E-01	8.9679814E-01	1.9976425E-05
3.0700000E+02	9.4674739E+06	1.4336796E-03	1.9277822E-02	1.3845634E+06	2.7349557E+06	8.3319842E-05	5.5220298E-01	9.0069522E-01	2.0032981E-05
3.0800000E+02	9.5985863E+06	1.4382019E-03	1.8958152E-02	1.3903460E+06	2.7326593E+06	8.2946869E-05	5.5053902E-01	9.0474263E-01	2.0090274E-05
3.0900000E+02	9.7310958E+06	1.4427949E-03	1.8643285E-02	1.3961553E+06	2.7303091E+06	8.2573698E-05	5.4886097E-01	9.0894646E-01	2.0148328E-05
3.1000000E+02	9.8650138E+06	1.4474607E-03	1.8333122E-02	1.4019920E+06	2.7279040E+06	8.2200259E-05	5.4716859E-01	9.1331318E-01	2.0207173E-05
3.1100000E+02	1.0000352E+07	1.4522015E-03	1.8027565E-02	1.4078567E+06	2.7254428E+06	8.1826483E-05	5.4546162E-01	9.1784969E-01	2.0266835E-05
3.1200000E+02	1.0137122E+07	1.4570196E-03	1.7726517E-02	1.4137501E+06	2.7229242E+06	8.1452296E-05	5.4373978E-01	9.2256333E-01	2.0327345E-05
3.1300000E+02	1.0275335E+07	1.4619173E-03	1.7429885E-02	1.4196729E+06	2.7203471E+06	8.1077624E-05	5.4200280E-01	9.2746193E-01	2.0388733E-05
3.1400000E+02	1.0415005E+07	1.4668971E-03	1.7137576E-02	1.4256260E+06	2.7177100E+06	8.0702392E-05	5.4025037E-01	9.3255388E-01	2.0451034E-05
3.1500000E+02	1.0556142E+07	1.4719617E-03	1.6849498E-02	1.4316100E+06	2.7150117E+06	8.0326520E-05	5.3848218E-01	9.3784811E-01	2.0514280E-05
3.1600000E+02	1.0698759E+07	1.4771138E-03	1.6565564E-02	1.4376259E+06	2.7122506E+06	7.9949928E-05	5.3669790E-01	9.4335423E-01	2.0578508E-05
3.1700000E+02	1.0842868E+07	1.4823564E-03	1.6285685E-02	1.4436744E+06	2.7094253E+06	7.9572534E-05	5.3489719E-01	9.4908252E-01	2.0643756E-05
3.1800000E+02	1.0988483E+07	1.4876924E-03	1.6009775E-02	1.4497565E+06	2.7065343E+06	7.9194251E-05	5.3307967E-01	9.5504401E-01	2.0710063E-05
3.1900000E+02	1.1135615E+07	1.4931251E-03	1.5737749E-02	1.4558731E+06	2.7035759E+06	7.8814992E-05	5.3124497E-01	9.6125060E-01	2.0777471E-05
3.2000000E+02	1.1284278E+07	1.4986577E-03	1.5469522E-02	1.4620252E+06	2.7005484E+06	7.8434665E-05	5.2939269E-01	9.6771506E-01	2.0846023E-05
3.2100000E+02	1.1434485E+07	1.5042939E-03	1.5205014E-02	1.4682138E+06	2.6974501E+06	7.8053176E-05	5.2752240E-01	9.7445121E-01	2.0915767E-05
3.2200000E+02	1.1586249E+07	1.5100374E-03	1.4944142E-02	1.4744400E+06	2.6942790E+06	7.7670427E-05	5.2563365E-01	9.8147396E-01	2.0986750E-05
3.2300000E+02	1.1739584E+07	1.5158922E-03	1.4686827E-02	1.4807049E+06	2.6910333E+06	7.7286317E-05	5.2372598E-01	9.8879948E-01	2.1059024E-05
3.2400000E+02	1.1894503E+07	1.5218623E-03	1.4432989E-02	1.4870097E+06	2.6877109E+06	7.6900739E-05	5.2179889E-01	9.9644528E-01	2.1132643E-05
3.2500000E+02	1.2051020E+07	1.5279522E-03	1.4182550E-02	1.4933557E+06	2.6843097E+06	7.6513585E-05	5.1985186E-01	1.0044304E+00	2.1207666E-05
3.2600000E+02	1.2209149E+07	1.5341666E-03	1.3935434E-02	1.4997442E+06	2.6808274E+06	7.6124740E-05	5.1788433E-01	1.0127757E+00	2.1284151E-05
3.2700000E+02	1.2368905E+07	1.5405103E-03	1.3691563E-02	1.5061765E+06	2.6772616E+06	7.5734084E-05	5.1589572E-01	1.0215036E+00	2.1362165E-05
3.2800000E+02	1.2530302E+07	1.5469887E-03	1.3450863E-02	1.5126542E+06	2.6736099E+06	7.5341492E-05	5.1388541E-01	1.0306391E+00	2.1441775E-05
3.2900000E+02	1.2693354E+07	1.5536074E-03	1.3213258E-02	1.5191788E+06	2.6698696E+06	7.4946834E-05	5.1185275E-01	1.0402093E+00	2.1523053E-05
3.3000000E+02	1.2858078E+07	1.5603722E-03	1.2978673E-02	1.5257519E+06	2.6660379E+06	7.4549972E-05	5.0979704E-01	1.0502440E+00	2.1606078E-05
3.3100000E+02	1.3024487E+07	1.5672894E-03	1.2747035E-02	1.5323752E+06	2.6621120E+06	7.4150763E-05	5.0771754E-01	1.0607762E+00	2.1690930E-05
3.3200000E+02	1.3192598E+07	1.5743659E-03	1.2518270E-02	1.5390506E+06	2.6580886E+06	7.3749055E-05	5.0561348E-01	1.0718421E+00	2.1777698E-05
3.3300000E+02	1.3362427E+07	1.5816088E-03	1.2292304E-02	1.5457800E+06	2.6539646E+06	7.3344687E-05	5.0348402E-01	1.0834819E+00	2.1866475E-05
3.3400000E+02	1.3533989E+07	1.5890258E-03	1.2069065E-02	1.5525656E+06	2.6497364E+06	7.2937491E-05	5.0132828E-01	1.0957404E+00	2.1957360E-05
3.3500000E+02	1.3707301E+07	1.5966252E-03	1.1848478E-02	1.5594094E+06	2.6454003E+06	7.2527288E-05	4.9914531E-01	1.1086671E+00	2.2050462E-05
3.3600000E+02	1.3882380E+07	1.6044159E-03	1.1630471E-02	1.5663138E+06	2.6409523E+06	7.2113889E-05	4.9693413E-01	1.1223175E+00	2.2145894E-05
3.3700000E+02	1.4059243E+07	1.6124074E-03	1.1414969E-02	1.5732815E+06	2.6363882E+06	7.1697091E-05	4.9469365E-01	1.1367534E+00	2.2243780E-05
3.3800000E+02	1.4237908E+07	1.6206100E-03	1.1201898E-02	1.5803149E+06	2.6317035E+06	7.1276681E-05	4.9242274E-01	1.1520443E+00	2.2344252E-05
3.3900000E+02	1.4418391E+07	1.6290349E-03	1.0991183E-02	1.5874170E+06	2.6268933E+06	7.0852430E-05	4.9012018E-01	1.1682683E+00	2.2447455E-05
3.4000000E+02	1.4600712E+07	1.6376939E-03	1.0782748E-02	1.5945910E+06	2.6219525E+06	7.0424091E-05	4.8778466E-01	1.1855134E+00	2.2553541E-05
3.4100000E+02	1.4784890E+07	1.6466003E-03	1.0576516E-02	1.6018400E+06	2.6168754E+06	6.9991403E-05	4.8541478E-01	1.2038790E+00	2.2662680E-05
3.4200000E+02	1.4970943E+07	1.6557681E-03	1.0372409E-02	1.6091677E+06	2.6116560E+06	6.9554083E-05	4.8300903E-01	1.2234777E+00	2.2775052E-05
3.4300000E+02	1.5158890E+07	1.6652128E-03	1.0170347E-02	1.6165780E+06	2.6062878E+06	6.9111826E-05	4.8056580E-01	1.2444374E+00	2.2890856E-05
3.4400000E+02	1.5348753E+07	1.6749513E-03	9.9702470E-03	1.6240749E+06	2.6007637E+06	6.8664303E-05	4.7808335E-01	1.2669037E+00	2.3010307E-05
3.4500000E+02	1.5540551E+07	1.6850021E-03	9.7720248E-03	1.6316632E+06	2.5950761E+06	6.8211157E-05	4.7555980E-01	1.2910428E+00	2.3133642E-05
3.4600000E+02	1.5734306E+07	1.6953855E-03	9.5755928E-03	1.6393477E+06	2.5892166E+06	6.7752000E-05	4.7299313E-01	1.3170448E+00	2.3261118E-05
3.4700000E+02	1.5930039E+07	1.7061239E-03	9.3808600E-03	1.6471339E+06	2.5831761E+06	6.7286407E-05	4.7038113E-01	1.3451279E+00	2.3393021E-05
3.4800000E+02	1.6127774E+07	1.7172421E-03	9.1877316E-03	1.6550276E+06	2.5769445E+06	6.6813914E-05	4.6772145E-01	1.3755429E+00	2.3529666E-05
3.4900000E+02	1.6327533E+07	1.7287677E-03	8.9961076E-03	1.6630355E+06	2.5705109E+06	6.6334011E-05	4.6501148E-01	1.4085791E+00	2.3671399E-05
3.5000000E+02	1.6529340E+07	1.7407314E-03	8.8058828E-03	1.6711646E+06	2.5638630E+06	6.5846134E-05	4.6224842E-01	1.4445710E+00	2.3818610E-05
3.5100000E+02	1.6733220E+07	1.7531675E-03	8.6169451E-03	1.6794232E+06	2.5569873E+06	6.5349660E-05	4.5942918E-01	1.4839066E+00	2.3971731E-05
3.5200000E+02	1.6939198E+07	1.7661147E-03	8.4291745E-03	1.6878200E+06	2.5498688E+06	6.4843892E-05	4.5655041E-01	1.5270371E+00	2.4131247E-05
3.5300000E+02	1.7147301E+07	1.7796167E-03	8.2424418E-03	1.6963651E+06	2.5424906E+06	6.4328052E-05	4.5360840E-01	1.5744893E+00	2.4297705E-05
3.5400000E+02	1.7357556E+07	1.7937233E-03	8.0566064E-03	1.7050699E+06	2.5348337E+06	6.3801265E-05	4.5059906E-01	1.6268812E+00	2.4471727E-05
3.5500000E+02	1.7569993E+07	1.8084912E-03	7.8715146E-03	1.7139470E+06	2.5268767E+06	6.3262539E-05	4.4751787E-01	1.6849405E+00	2.4654019E-05
3.5600000E+02	1.7784641E+07	1.8239860E-03	7.6869961E-03	1.7230113E+06	2.5185949E+06	6.2710744E-05	4.4435979E-01	1.7495306E+00	2.4845395E-05
3.5700000E+02	1.8001532E+07	1.8402837E-03	7.5028610E-03	1.7322795E+06	2.5099605E+06	6.2144585E-05	4.4111918E-01	1.8216837E+00	2.5046792E-05
3.5800000E+02	1.8220698E+07	1.8574729E-03	7.3188952E-03	1.7417713E+06	2.5009407E+06	6.1562560E-05	4.3778971E-01	1.9026482E+00	2.5259306E-05
3.5900000E+02	1.8442174E+07	1.8756585E-03	7.1348543E-03	1.7515099E+06	2.4914977E+06	6.0962921E-05	4.3436421E-01	1.9939567E+00	2.5484221E-05
3.6000000E+02	1.8665998E+07	1.8949656E-03	6.9504563E-03	1.7615225E+06	2.4815869E+06	6.0343604E-05	4.3083459E-01	2.0975304E+00	2.5723067E-05
3.6100000E+02	1.8892208E+07	1.9155447E-03	6.7653708E-03	1.7718421E+06	2.4711551E+06	5.9702151E-05	4.2719165E-01	2.2158454E+00	2.5977679E-05
3.6200000E+02	1.9120845E+07	1.9375804E-03	6.5792054E-03	1.7825088E+06	2.4601380E+06	5.9035593E-05	4.2342507E-01	2.3522111E+00	2.6250292E-05
3.6300000E+02	1.9351956E+07	1.9613015E-03	6.3914857E-03	1.7935723E+06	2.4484570E+06	5.8340292E-05	4.1952350E-01	2.5112541E+00	2.6543665E-05
3.6400000E+02	1.9585588E+07	1.9869976E-03	6.2016270E-03	1.8050952E+06	2.4360144E+06	5.7611711E-05	4.1547517E-01	2.6997869E+00	2.6861274E-05
3.6500000E+02	1.9821795E+07	2.0150425E-03	6.0088926E-03	1.8171580E+06	2.4226857E+06	5.6844075E-05	4.1126962E-01	2.9284169E+00	2.7207580E-05
3.6600000E+02	2.0060635E+07	2.0459321E-03	5.8123292E-03	1.8298672E+06	2.4083089E+06	5.6029847E-05	4.0690213E-01	3.2146046E+00	2.7588466E-05
3.6700000E+02	2.0302176E+07	2.0803450E-03	5.6106629E-03	1.8433667E+06	2.3926665E+06	5.5158886E-05	4.0238457E-01	3.5886781E+00	2.8011928E-05
3.6800000E+02	2.0546491E+07	2.1192483E-03	5.4021231E-03	1.8578589E+06	2.3754549E+06	5.4217010E-05	3.9777198E-01	4.1062111E+00	2.8489278E-05
3.6900000E+02	2.0793671E+07	2.1640939E-03	5.1841187E-03	1.8736413E+06	2.3562296E+06	5.3183361E-05	3.9323110E-01	4.8752204E+00	2.9037361E-05
3.7000000E+02	2.1043822E+07	2.2172235E-03	4.9525866E-03	1.8911804E+06	2.3342930E+06	5.2025081E-05	3.8923211E-01	6.1213771E+00	2.9683085E-05
3.7100000E+02	2.1297084E+07	2.2828259E-03	4.7004874E-03	1.9112823E+06	2.3084373E+06	5.0684973E-05	3.8716239E-01	8.3625829E+00	3.0474046E-05
3.7200000E+02	2.1553646E+07	2.3697497E-03	4.4135175E-03	1.9355918E+06	2.2762138E+06	4.9046166E-05	3.9181952E-01	1.2966254E+01	3.1509376E-05
3.7300000E+02	2.1813821E+07	2.5038625E-03	4.0520441E-03	1.9687841E+06	2.2308555E+06	4.7822171E-05	4.2824694E-01	2.5965453E+01	3.3644663E-05